#N W S cache-references-avg-C0-median
1 0 0 34.77 1700330.00 2291530.00
1 0 1 29.33 1649380.00 2133090.00
1 0 2 29.69 1641200.00 2128540.00
1 0 3 28.68 1654960.00 2129680.00
1 0 4 30.05 1636980.00 2128830.00
1 0 5 27.91 1660030.00 2123400.00
1 0 6 28.66 1655620.00 2130040.00
1 0 7 30.50 1642260.00 2143150.00
1 0 8 30.29 1640710.00 2137650.00
1 0 9 28.13 1653200.00 2118260.00
1 0 10 29.56 1643260.00 2128930.00
1 0 11 28.90 1649880.00 2126710.00
1 0 12 29.18 1648450.00 2129450.00
1 0 13 29.69 1642260.00 2129787.00
1 0 14 29.18 1651040.00 2132870.00
1 0 15 30.05 1657700.00 2155800.00
1 0 16 28.52 1647250.00 2116980.00
1 0 17 29.89 1641550.00 2132250.00
1 0 18 28.81 1648520.00 2123520.00
1 0 19 29.32 1648390.00 2131640.00
1 0 20 29.63 1646030.00 2133810.00

1 1 0 25.57 1566510.00 1967000.00
1 1 1 22.86 1678480.00 2062230.00
1 1 2 24.15 1812730.00 2250550.00
1 1 3 25.28 1860120.00 2330340.00
1 1 4 24.43 1892450.00 2354800.00
1 1 5 25.50 1903820.00 2389350.00
1 1 6 26.17 1908230.00 2407650.00
1 1 7 26.89 1896690.00 2406650.00
1 1 8 26.49 1895060.00 2397110.00
1 1 9 25.90 1909700.00 2404390.00
1 1 10 22.82 1909120.00 2344750.00
1 1 11 25.07 1901310.00 2377880.00
1 1 12 24.64 1904010.00 2373180.00
1 1 13 23.96 1904890.00 2361270.00
1 1 14 24.15 1890850.00 2347580.00
1 1 15 25.28 1878940.00 2353860.00
1 1 16 23.82 1879620.00 2327270.00
1 1 17 24.74 1853520.00 2312140.00
1 1 18 24.01 1859720.00 2306160.00
1 1 19 24.01 1863700.00 2311090.00
1 1 20 23.40 1851960.00 2285370.00

1 2 0 24.23 1487440.00 1847830.00
1 2 1 19.04 1597160.00 1901190.00
1 2 2 20.59 1709935.00 2062000.00
1 2 3 21.56 1753670.00 2131750.00
1 2 4 19.01 1782070.00 2120820.00
1 2 5 21.40 1801390.00 2186950.00
1 2 6 21.59 1803150.00 2192470.00
1 2 7 18.85 1807850.00 2148610.00
1 2 8 18.18 1814330.00 2144120.00
1 2 9 20.95 1807920.00 2186630.00
1 2 10 20.39 1812190.00 2181630.00
1 2 11 20.16 1815110.00 2181060.00
1 2 12 19.69 1813690.00 2170860.00
1 2 13 21.07 1793660.00 2171590.00
1 2 14 20.77 1798790.00 2172370.00
1 2 15 20.42 1789400.00 2154880.00
1 2 16 19.71 1782820.00 2134140.00
1 2 17 19.52 1782920.00 2131010.00
1 2 18 20.40 1771880.00 2133380.00
1 2 19 20.44 1755410.00 2114140.00
1 2 20 20.16 1749330.00 2102070.00

1 3 0 22.91 1410360.00 1733520.00
1 3 1 17.93 1519580.00 1792100.00
1 3 2 18.68 1641570.00 1948180.00
1 3 3 19.41 1680780.00 2007020.00
1 3 4 19.65 1711630.00 2048050.00
1 3 5 19.99 1718210.00 2061760.00
1 3 6 19.81 1732620.00 2075930.00
1 3 7 19.68 1732130.00 2072980.00
1 3 8 19.77 1723010.00 2063710.00
1 3 9 18.57 1722780.00 2042760.00
1 3 10 19.45 1728920.00 2065170.00
1 3 11 19.12 1730170.00 2060980.00
1 3 12 18.84 1733780.00 2060450.00
1 3 13 18.45 1730920.00 2050360.00
1 3 14 16.53 1718870.00 2002950.00
1 3 15 18.65 1720870.00 2041820.00
1 3 16 19.04 1696600.00 2019610.00
1 3 17 17.23 1695160.00 1987230.00
1 3 18 17.50 1695630.00 1992320.00
1 3 19 17.10 1694700.00 1984560.00
1 3 20 17.25 1696910.00 1989640.00

1 4 0 21.21 1336280.00 1619690.00
1 4 1 13.33 1466540.00 1661970.00
1 4 2 16.07 1581850.00 1836000.00
1 4 3 16.28 1624860.00 1889330.00
1 4 4 17.63 1642590.00 1932200.00
1 4 5 17.67 1645200.00 1935860.00
1 4 6 16.52 1674580.00 1951150.00
1 4 7 17.52 1658710.00 1949390.00
1 4 8 17.81 1663940.00 1960290.00
1 4 9 16.40 1674700.00 1949430.00
1 4 10 16.65 1664050.00 1941160.00
1 4 11 16.23 1666070.00 1936410.00
1 4 12 16.05 1666960.00 1934510.00
1 4 13 16.16 1664120.00 1933080.00
1 4 14 15.65 1657710.00 1917180.00
1 4 15 15.20 1656950.00 1908800.00
1 4 16 14.94 1654880.00 1902200.00
1 4 17 15.31 1650440.00 1903100.00
1 4 18 15.65 1648820.00 1906910.00
1 4 19 15.24 1632470.00 1881270.00
1 4 20 15.16 1636480.00 1884500.00

1 5 0 18.64 1285860.00 1525520.00
1 5 1 11.14 1408800.00 1565790.00
1 5 2 13.97 1514620.00 1726160.00
1 5 3 14.67 1555920.00 1784210.00
1 5 4 14.32 1575000.00 1800550.00
1 5 5 14.94 1590180.00 1827730.00
1 5 6 15.46 1592110.00 1838280.00
1 5 7 15.08 1591660.00 1831710.00
1 5 8 15.47 1589630.00 1835510.00
1 5 9 15.44 1593470.00 1839460.00
1 5 10 14.54 1601440.00 1834250.00
1 5 11 15.11 1590150.00 1830440.00
1 5 12 15.00 1591340.00 1830020.00
1 5 13 14.50 1590460.00 1821010.00
1 5 14 11.68 1584140.00 1769170.00
1 5 15 15.50 1581570.00 1826770.00
1 5 16 15.32 1578510.00 1820280.00
1 5 17 14.75 1576370.00 1808950.00
1 5 18 14.05 1567220.00 1787340.00
1 5 19 14.33 1553320.00 1775860.00
1 5 20 14.18 1543180.00 1761970.00

2 0 0 36.36 1676110.00 2285600.00
2 0 1 27.96 1545580.00 1977670.00
2 0 2 28.76 1542960.00 1986740.00
2 0 3 27.77 1553420.00 1984730.00
2 0 4 27.39 1542910.00 1965480.00
2 0 5 28.04 1542380.00 1974930.00
2 0 6 27.08 1551540.00 1971620.00
2 0 7 27.14 1547540.00 1967560.00
2 0 8 26.76 1555290.00 1971430.00
2 0 9 27.15 1547950.00 1968150.00
2 0 10 27.79 1546340.00 1976080.00
2 0 11 27.51 1551660.00 1978500.00
2 0 12 27.98 1543580.00 1975520.00
2 0 13 27.14 1551840.00 1972980.00
2 0 14 25.35 1554220.00 1948230.00
2 0 15 27.76 1546840.00 1976230.00
2 0 16 27.64 1546860.00 1974360.00
2 0 17 28.21 1542520.00 1977680.00
2 0 18 27.43 1550360.00 1975660.00
2 0 19 28.01 1545660.00 1978590.00
2 0 20 28.22 1543020.00 1978480.00

2 1 0 25.93 1532440.00 1929870.00
2 1 1 14.53 1671870.00 1914770.00
2 1 2 16.60 1922940.00 2242150.00
2 1 3 17.39 2004330.00 2352950.00
2 1 4 18.36 2051980.00 2428710.00
2 1 5 18.22 2073420.00 2451300.00
2 1 6 18.77 2081670.00 2472370.00
2 1 7 18.34 2084630.00 2466960.00
2 1 8 18.34 2082320.00 2464120.00
2 1 9 17.95 2084220.00 2458380.00
2 1 10 18.05 2079000.00 2454190.00
2 1 11 17.51 2073090.00 2436170.00
2 1 12 15.71 2073350.00 2398980.00
2 1 13 14.99 2083640.00 2395890.00
2 1 14 15.19 2078500.00 2394300.00
2 1 15 15.76 2062350.00 2387470.00
2 1 16 16.67 2029700.00 2368060.00
2 1 17 15.14 2031980.00 2339630.00
2 1 18 15.25 2030416.00 2340050.00
2 1 19 13.24 2005240.00 2270750.00
2 1 20 14.75 2013490.00 2310480.00

2 2 0 24.70 1459410.00 1819900.00
2 2 1 11.85 1603240.00 1793220.00
2 2 2 14.40 1845740.00 2111560.00
2 2 3 15.17 1925310.00 2217410.00
2 2 4 17.29 1954360.00 2292280.00
2 2 5 16.73 1989320.00 2322200.00
2 2 6 16.28 2006040.00 2332630.00
2 2 7 17.22 1995880.00 2339600.00
2 2 8 15.76 2018150.00 2336140.00
2 2 9 16.77 1993170.00 2327400.00
2 2 10 15.53 2002000.00 2312960.00
2 2 11 14.91 1985840.00 2281960.00
2 2 12 16.79 1992650.00 2327180.00
2 2 13 15.77 1994240.00 2308710.00
2 2 14 16.36 1971030.00 2293560.00
2 2 15 15.61 1955560.00 2260840.00
2 2 16 17.39 1934350.00 2270800.00
2 2 17 16.47 1947390.00 2268110.00
2 2 18 16.52 1925780.00 2243970.00
2 2 19 13.52 1941580.00 2204110.00
2 2 20 13.72 1920520.00 2184050.00

2 3 0 24.17 1371350.00 1702840.00
2 3 1 9.78 1554970.00 1707070.00
2 3 2 12.65 1768780.00 1992530.00
2 3 3 14.17 1844000.00 2105290.00
2 3 4 14.87 1877610.00 2156720.00
2 3 5 15.34 1897420.00 2188510.00
2 3 6 15.13 1931780.00 2223980.00
2 3 7 13.51 1908170.00 2165950.00
2 3 8 14.70 1921390.00 2203890.00
2 3 9 15.45 1911310.00 2206680.00
2 3 10 14.99 1916900.00 2204210.00
2 3 11 14.74 1916770.00 2199290.00
2 3 12 15.13 1906350.00 2194710.00
2 3 13 14.47 1902990.00 2178430.00
2 3 14 15.67 1885660.00 2181230.00
2 3 15 14.84 1873550.00 2151500.00
2 3 16 11.90 1871400.00 2094190.00
2 3 17 11.35 1856860.00 2067580.00
2 3 18 12.42 1860800.00 2091900.00
2 3 19 11.23 1847210.00 2054620.00
2 3 20 11.36 1831510.00 2039560.00

2 4 0 20.05 1330220.00 1596990.00
2 4 1 9.29 1468990.00 1605400.00
2 4 2 10.26 1668390.00 1839520.00
2 4 3 13.83 1747720.00 1989460.00
2 4 4 13.75 1792310.00 2038780.00
2 4 5 14.44 1813780.00 2075750.00
2 4 6 14.79 1828680.00 2099170.00
2 4 7 14.53 1820200.00 2084710.00
2 4 8 15.12 1821560.00 2096930.00
2 4 9 14.66 1818920.00 2085650.00
2 4 10 14.39 1821010.00 2082990.00
2 4 11 15.62 1812710.00 2095880.00
2 4 12 14.05 1818850.00 2074350.00
2 4 13 13.50 1813090.00 2057790.00
2 4 14 12.21 1813060.00 2034420.00
2 4 15 12.11 1820350.00 2040880.00
2 4 16 13.56 1807450.00 2052550.00
2 4 17 12.83 1794420.00 2024600.00
2 4 18 13.13 1777720.00 2011060.00
2 4 19 11.78 1766200.00 1974330.00
2 4 20 11.90 1747680.00 1955700.00

2 5 0 18.47 1260890.00 1493770.00
2 5 1 8.69 1406010.00 1528230.00
2 5 2 11.36 1584850.00 1764880.00
2 5 3 13.13 1643280.00 1859050.00
2 5 4 12.78 1686180.00 1901640.00
2 5 5 14.20 1692020.00 1932270.00
2 5 6 13.65 1704480.00 1937189.00
2 5 7 13.50 1701030.00 1930620.00
2 5 8 12.69 1691960.00 1906620.00
2 5 9 13.71 1691980.00 1923900.00
2 5 10 13.42 1677640.00 1902810.00
2 5 11 13.47 1684930.00 1911870.00
2 5 12 9.04 1687010.00 1839530.00
2 5 13 13.38 1667360.00 1890430.00
2 5 14 12.57 1665080.00 1874360.00
2 5 15 11.37 1650720.00 1838380.00
2 5 16 13.15 1645110.00 1861460.00
2 5 17 10.08 1655200.00 1822040.00
2 5 18 10.17 1632140.00 1798210.00
2 5 19 10.96 1583410.00 1757020.00
2 5 20 10.50 1606350.00 1775070.00

3 0 0 39.90 1645580.00 2302210.00
3 0 1 27.70 1438450.00 1836920.00
3 0 2 28.37 1437930.00 1845920.00
3 0 3 27.05 1443230.00 1833630.00
3 0 4 27.41 1443900.00 1839720.00
3 0 5 27.55 1440750.00 1837730.00
3 0 6 26.91 1436630.00 1823190.00
3 0 7 26.95 1442120.00 1830800.00
3 0 8 25.71 1450950.00 1823990.00
3 0 9 27.36 1440930.00 1835160.00
3 0 10 27.89 1436560.00 1837260.00
3 0 11 27.03 1439640.00 1828720.00
3 0 12 27.39 1439070.00 1833200.00
3 0 13 26.96 1438490.00 1826310.00
3 0 14 28.67 1436720.00 1848580.00
3 0 15 26.09 1444390.00 1821240.00
3 0 16 26.13 1440350.00 1816770.00
3 0 17 27.62 1436390.00 1833090.00
3 0 18 27.10 1434870.00 1823760.00
3 0 19 26.82 1436830.00 1822180.00
3 0 20 27.73 1437500.00 1836190.00

3 1 0 24.41 1519080.00 1889820.00
3 1 1 7.07 1673160.00 1791460.00
3 1 2 12.54 1992070.00 2241850.00
3 1 3 14.28 2096050.00 2395380.00
3 1 4 14.10 2164300.00 2469400.00
3 1 5 14.72 2203040.00 2527260.00
3 1 6 15.17 2215420.00 2551480.00
3 1 7 13.07 2214770.00 2504320.00
3 1 8 14.81 2206370.00 2533090.00
3 1 9 15.75 2185970.00 2530260.00
3 1 10 14.88 2194160.00 2520555.00
3 1 11 15.20 2196620.00 2530450.00
3 1 12 12.69 2189760.00 2467610.00
3 1 13 11.30 2193460.00 2441340.00
3 1 14 12.40 2186480.00 2457520.00
3 1 15 14.85 2162550.00 2483700.00
3 1 16 13.74 2159740.00 2456540.00
3 1 17 12.71 2093550.00 2359560.00
3 1 18 12.93 2120140.00 2394250.00
3 1 19 12.54 2093820.00 2356370.00
3 1 20 12.57 2092210.00 2355240.00

3 2 0 24.05 1438920.00 1784990.00
3 2 1 5.80 1600020.00 1692820.00
3 2 2 11.69 1902790.00 2125250.00
3 2 3 12.65 2019990.00 2275560.00
3 2 4 14.37 2061320.00 2357510.00
3 2 5 14.78 2093500.00 2402950.00
3 2 6 14.62 2119800.00 2429620.00
3 2 7 14.15 2114690.00 2414020.00
3 2 8 14.66 2114830.00 2424950.00
3 2 9 14.95 2108540.00 2423690.00
3 2 10 13.93 2117570.00 2412610.00
3 2 11 14.43 2103300.00 2406810.00
3 2 12 14.95 2089870.00 2402280.00
3 2 13 15.51 2084530.00 2407930.00
3 2 14 15.31 2067690.00 2384170.00
3 2 15 12.95 2050500.00 2315950.00
3 2 16 17.15 2006110.00 2350160.00
3 2 17 14.36 2031370.00 2323080.00
3 2 18 12.94 2004130.00 2263460.00
3 2 19 13.62 1985190.00 2255660.00
3 2 20 11.35 1996130.00 2222610.00

3 3 0 23.47 1353110.00 1670620.00
3 3 1 6.58 1521270.00 1621420.00
3 3 2 10.49 1817890.00 2008640.00
3 3 3 10.81 1929070.00 2137640.00
3 3 4 12.26 1965390.00 2206440.00
3 3 5 12.86 2012850.00 2271640.00
3 3 6 13.16 2015720.00 2281030.00
3 3 7 13.22 2015680.00 2282160.00
3 3 8 13.74 2001850.00 2276860.00
3 3 9 12.73 2007570.00 2263150.00
3 3 10 12.51 2001330.00 2251730.00
3 3 11 10.30 1997520.00 2203360.00
3 3 12 11.46 2000640.00 2229970.00
3 3 13 11.65 1978890.00 2209390.00
3 3 14 12.04 1976180.00 2214130.00
3 3 15 12.32 1924080.00 2161041.00
3 3 16 8.49 1914410.00 2076960.00
3 3 17 8.58 1915790.00 2080250.00
3 3 18 8.41 1895538.00 2054860.00
3 3 19 8.28 1893420.00 2050260.00
3 3 20 8.11 1891380.00 2044780.00

3 4 0 20.88 1302920.00 1575030.00
3 4 1 4.06 1421160.00 1478870.00
3 4 2 9.43 1691730.00 1851300.00
3 4 3 11.10 1784670.00 1982810.00
3 4 4 10.72 1836880.00 2033870.00
3 4 5 11.87 1856880.00 2077330.00
3 4 6 11.02 1889930.00 2098280.00
3 4 7 11.61 1871550.00 2088810.00
3 4 8 11.41 1868640.00 2081800.00
3 4 9 11.89 1861450.00 2082820.00
3 4 10 11.53 1854220.00 2068070.00
3 4 11 10.52 1865770.00 2061980.00
3 4 12 10.65 1853370.00 2050700.00
3 4 13 9.34 1846310.00 2018740.00
3 4 14 8.25 1846450.00 1998860.00
3 4 15 9.22 1839690.00 2009300.00
3 4 16 7.73 1832000.00 1973540.00
3 4 17 9.89 1812210.00 1991420.00
3 4 18 9.33 1797750.00 1965500.00
3 4 19 8.04 1758950.00 1900350.00
3 4 20 9.68 1747720.00 1916950.00

3 5 0 18.42 1246640.00 1476280.00
3 5 1 4.38 1368280.00 1428150.00
3 5 2 8.80 1594760.00 1735050.00
3 5 3 9.87 1681040.00 1846910.00
3 5 4 7.71 1718650.00 1851230.00
3 5 5 9.52 1758450.00 1925920.00
3 5 6 10.63 1751800.00 1937930.00
3 5 7 9.99 1748510.00 1923260.00
3 5 8 10.18 1734840.00 1911420.00
3 5 9 10.44 1733530.00 1914540.00
3 5 10 10.49 1725500.00 1906550.00
3 5 11 8.60 1713360.00 1860760.00
3 5 12 11.41 1704620.00 1899150.00
3 5 13 9.70 1701270.00 1866280.00
3 5 14 10.91 1689590.00 1873870.00
3 5 15 11.56 1672680.00 1865970.00
3 5 16 8.98 1690120.00 1841960.00
3 5 17 8.28 1683890.00 1823308.00
3 5 18 8.88 1642610.00 1788400.00
3 5 19 7.50 1638000.00 1760860.00
3 5 20 7.26 1620920.00 1738610.00

4 0 0 40.22 1640960.00 2300920.00
4 0 1 26.55 1310050.00 1657880.00
4 0 2 24.96 1317180.00 1645890.00
4 0 3 27.04 1312160.00 1666980.00
4 0 4 25.91 1319030.00 1660740.00
4 0 5 25.98 1313530.00 1654800.00
4 0 6 26.03 1317670.00 1660670.00
4 0 7 25.93 1311070.00 1651030.00
4 0 8 26.32 1313690.00 1659490.00
4 0 9 25.22 1319830.00 1652690.00
4 0 10 25.36 1319260.00 1653860.00
4 0 11 26.11 1313380.00 1656250.00
4 0 12 26.54 1312150.00 1660410.00
4 0 13 26.77 1315440.00 1667520.00
4 0 14 26.78 1312610.00 1664110.00
4 0 15 25.88 1321200.00 1663180.00
4 0 16 25.42 1323480.00 1659910.00
4 0 17 26.16 1316850.00 1661360.00
4 0 18 27.02 1308760.00 1662430.00
4 0 19 24.92 1318060.00 1646580.00
4 0 20 25.75 1320010.00 1659970.00

4 1 0 24.10 1476320.00 1832110.00
4 1 1 4.18 1606810.00 1673910.00
4 1 2 9.37 2017520.00 2206480.00
4 1 3 10.80 2154820.00 2387450.00
4 1 4 12.71 2208310.00 2488960.00
4 1 5 13.04 2251190.00 2544720.00
4 1 6 12.75 2283330.00 2574360.00
4 1 7 13.01 2270780.00 2566110.00
4 1 8 12.69 2263980.00 2551190.00
4 1 9 12.78 2257790.00 2546240.00
4 1 10 12.62 2249370.00 2533250.00
4 1 11 12.30 2259120.00 2536990.00
4 1 12 9.80 2266720.00 2488770.00
4 1 13 9.62 2253090.00 2469860.00
4 1 14 11.69 2229620.00 2490230.00
4 1 15 10.47 2234120.00 2468110.00
4 1 16 11.07 2158670.00 2397660.00
4 1 17 8.96 2162990.00 2356740.00
4 1 18 11.23 2142240.00 2382770.00
4 1 19 9.05 2146670.00 2340890.00
4 1 20 9.22 2144850.00 2342650.00

4 2 0 24.03 1403050.00 1740250.00
4 2 1 3.39 1557100.00 1609960.00
4 2 2 8.60 1934850.00 2101280.00
4 2 3 8.89 2056000.00 2238800.00
4 2 4 10.30 2126980.00 2345980.00
4 2 5 11.39 2164410.00 2410870.00
4 2 6 11.81 2191970.00 2450790.00
4 2 7 12.43 2176830.00 2447390.00
4 2 8 11.49 2178440.00 2428780.00
4 2 9 11.47 2172040.00 2421240.00
4 2 10 11.52 2179680.00 2430730.00
4 2 11 10.64 2180030.00 2412030.00
4 2 12 11.48 2158750.00 2406470.00
4 2 13 11.51 2155350.00 2403500.00
4 2 14 10.16 2140780.00 2358278.00
4 2 15 12.83 2081000.00 2347960.00
4 2 16 11.14 2085710.00 2318020.00
4 2 17 9.94 2093570.00 2301580.00
4 2 18 13.53 2025790.00 2299920.00
4 2 19 9.38 2056340.00 2249210.00
4 2 20 9.73 2022520.00 2219220.00

4 3 0 23.03 1329010.00 1635120.00
4 3 1 2.67 1477470.00 1516940.00
4 3 2 6.68 1823960.00 1945720.00
4 3 3 9.12 1924640.00 2100110.00
4 3 4 8.90 1991650.00 2168990.00
4 3 5 9.51 2021610.00 2213810.00
4 3 6 9.95 2039640.00 2242660.00
4 3 7 9.03 2019400.00 2201700.00
4 3 8 10.48 2008750.00 2219250.00
4 3 9 9.19 2021720.00 2207480.00
4 3 10 10.24 1997600.00 2202110.00
4 3 11 8.78 1996120.00 2171430.00
4 3 12 9.33 1990900.00 2176630.00
4 3 13 9.72 1972080.00 2163860.00
4 3 14 9.70 1958990.00 2149070.00
4 3 15 8.60 1921240.00 2086500.00
4 3 16 5.28 1906620.00 2007330.00
4 3 17 5.62 1892140.00 1998540.00
4 3 18 5.71 1890890.00 1998820.00
4 3 19 6.71 1881320.00 2007560.00
4 3 20 3.53 1878610.00 1944860.00

4 4 0 20.13 1280450.00 1538250.00
4 4 1 1.90 1382360.00 1408660.00
4 4 2 7.01 1695460.00 1814260.00
4 4 3 6.54 1795590.00 1912980.00
4 4 4 8.56 1862480.00 2021870.00
4 4 5 9.74 1873830.00 2056310.00
4 4 6 6.19 1921340.00 2040240.00
4 4 7 7.12 1894890.00 2029790.00
4 4 8 9.88 1874680.00 2059870.00
4 4 9 9.62 1870380.00 2050330.00
4 4 10 9.08 1875970.00 2046360.00
4 4 11 8.41 1867120.00 2024070.00
4 4 12 8.69 1863900.00 2025820.00
4 4 13 6.91 1858500.00 1986870.00
4 4 14 6.67 1840720.00 1963450.00
4 4 15 7.06 1851590.00 1982400.00
4 4 16 6.25 1848030.00 1963550.00
4 4 17 5.76 1820360.00 1925170.00
4 4 18 6.23 1798860.00 1910860.00
4 4 19 3.21 1774120.00 1831150.00
4 4 20 5.11 1768660.00 1858960.00

4 5 0 18.25 1223700.00 1447020.00
4 5 1 0.55 1336420.00 1343770.00
4 5 2 4.58 1621890.00 1696190.00
4 5 3 7.27 1709210.00 1833440.00
4 5 4 8.42 1751250.00 1898620.00
4 5 5 8.04 1789560.00 1933490.00
4 5 6 7.93 1809060.00 1952480.00
4 5 7 9.27 1781000.00 1946160.00
4 5 8 9.01 1767050.00 1926270.00
4 5 9 8.50 1767000.00 1917270.00
4 5 10 8.58 1757360.00 1908160.00
4 5 11 8.74 1750870.00 1903980.00
4 5 12 8.51 1742280.00 1890610.00
4 5 13 6.51 1744000.00 1857550.00
4 5 14 8.08 1729160.00 1868930.00
4 5 15 9.54 1713540.00 1876930.00
4 5 16 7.14 1718100.00 1840850.00
4 5 17 6.79 1713210.00 1829570.00
4 5 18 5.44 1667160.00 1757890.00
4 5 19 6.00 1647920.00 1746810.00
4 5 20 5.71 1635480.00 1728870.00

5 0 0 41.04 1628360.00 2296570.00
5 0 1 22.68 1218460.00 1494800.00
5 0 2 22.84 1212840.00 1489900.00
5 0 3 22.12 1225580.00 1496710.00
5 0 4 22.16 1219630.00 1489880.00
5 0 5 22.48 1215490.00 1488780.00
5 0 6 21.64 1212740.00 1475230.00
5 0 7 23.00 1212110.00 1490940.00
5 0 8 22.58 1215490.00 1489940.00
5 0 9 22.71 1217120.00 1493490.00
5 0 10 22.55 1214710.00 1488680.00
5 0 11 21.93 1217870.00 1484890.00
5 0 12 21.80 1221670.00 1487960.00
5 0 13 22.01 1219040.00 1487370.00
5 0 14 22.12 1219450.00 1489180.00
5 0 15 22.18 1224290.00 1495860.00
5 0 16 22.86 1218300.00 1496860.00
5 0 17 22.29 1218760.00 1490470.00
5 0 18 21.62 1223980.00 1488640.00
5 0 19 22.47 1213000.00 1485620.00
5 0 20 22.50 1211480.00 1484070.00

5 1 0 24.18 1447850.00 1797920.00
5 1 1 0.13 1559600.00 1561660.00
5 1 2 6.82 2008900.00 2145940.00
5 1 3 9.29 2160170.00 2360830.00
5 1 4 10.60 2227440.00 2463630.00
5 1 5 10.22 2279700.00 2512790.00
5 1 6 10.55 2303280.00 2546200.00
5 1 7 11.41 2292620.00 2554270.00
5 1 8 10.08 2284550.00 2514800.00
5 1 9 11.33 2275690.00 2533440.00
5 1 10 10.77 2272760.00 2517630.00
5 1 11 10.83 2259250.00 2503970.00
5 1 12 9.35 2267730.00 2479650.00
5 1 13 10.55 2242850.00 2479470.00
5 1 14 11.85 2222580.00 2485990.00
5 1 15 7.68 2223150.00 2393970.00
5 1 16 10.32 2167550.00 2391270.00
5 1 17 9.13 2159780.00 2357060.00
5 1 18 9.32 2142680.00 2342410.00
5 1 19 8.57 2124020.00 2306120.00
5 1 20 7.95 2130270.00 2299730.00

5 2 0 24.38 1370080.00 1704120.00
5 2 1 -0.66 1506350.00 1496350.00
5 2 2 5.42 1922990.00 2027160.00
5 2 3 7.93 2068620.00 2232730.00
5 2 4 7.97 2144410.00 2315400.00
5 2 5 9.48 2171090.00 2376880.00
5 2 6 9.97 2188800.00 2407070.00
5 2 7 8.82 2203990.00 2398340.00
5 2 8 8.63 2184130.00 2372620.00
5 2 9 8.01 2186180.00 2361190.00
5 2 10 9.14 2166910.00 2364900.00
5 2 11 8.81 2164740.00 2355520.00
5 2 12 8.57 2157940.00 2342810.00
5 2 13 9.98 2128590.00 2340970.00
5 2 14 6.93 2123950.00 2271220.00
5 2 15 10.28 2077460.00 2291090.00
5 2 16 7.66 2066550.00 2224760.00
5 2 17 7.44 2046100.00 2198390.00
5 2 18 10.96 2008700.00 2228950.00
5 2 19 6.11 2021620.00 2145200.00
5 2 20 3.97 2025240.00 2105570.00

5 3 0 22.79 1312460.00 1611600.00
5 3 1 -0.14 1433440.00 1431460.00
5 3 2 4.75 1811550.00 1897650.00
5 3 3 5.53 1937510.00 2044650.00
5 3 4 7.75 1989950.00 2144190.00
5 3 5 7.77 2020210.00 2177280.00
5 3 6 8.11 2036510.00 2201760.00
5 3 7 7.90 2031140.00 2191570.00
5 3 8 7.86 2015960.00 2174420.00
5 3 9 7.64 2006310.00 2159620.00
5 3 10 7.89 1998760.00 2156550.00
5 3 11 8.25 1975890.00 2138830.00
5 3 12 7.69 1972620.00 2124390.00
5 3 13 7.56 1973100.00 2122340.00
5 3 14 8.17 1936260.00 2094510.00
5 3 15 9.02 1907720.00 2079770.00
5 3 16 4.93 1893780.00 1987130.00
5 3 17 2.47 1913960.00 1961280.00
5 3 18 6.25 1855180.00 1971120.00
5 3 19 2.08 1884820.00 1924040.00
5 3 20 5.55 1839920.00 1942050.00

5 4 0 20.18 1263500.00 1518530.00
5 4 1 -3.55 1361220.00 1312830.00
5 4 2 4.17 1706420.00 1777630.00
5 4 3 6.54 1818500.00 1937500.00
5 4 4 6.67 1870990.00 1995800.00
5 4 5 7.61 1894830.00 2039060.00
5 4 6 8.42 1907960.00 2068680.00
5 4 7 9.07 1897060.00 2069170.00
5 4 8 7.29 1899880.00 2038460.00
5 4 9 7.68 1883430.00 2028070.00
5 4 10 6.61 1888170.00 2012990.00
5 4 11 6.83 1885960.00 2014830.00
5 4 12 7.08 1865870.00 1998010.00
5 4 13 6.45 1864730.00 1985020.00
5 4 14 5.12 1862420.00 1957760.00
5 4 15 3.00 1862330.00 1918250.00
5 4 16 4.44 1862490.00 1945170.00
5 4 17 5.43 1823760.00 1922760.00
5 4 18 5.79 1807200.00 1911770.00
5 4 19 5.61 1787210.00 1887490.00
5 4 20 3.20 1780900.00 1837930.00

5 5 0 17.64 1211980.00 1425730.00
5 5 1 0.24 1302990.00 1306180.00
5 5 2 4.38 1623990.00 1695110.00
5 5 3 5.59 1724250.00 1820700.00
5 5 4 6.55 1778030.00 1894440.00
5 5 5 7.40 1795390.00 1928320.00
5 5 6 7.13 1822260.00 1952250.00
5 5 7 7.50 1798210.00 1933160.00
5 5 8 6.95 1798900.00 1924010.00
5 5 9 6.44 1797720.00 1913420.00
5 5 10 5.49 1787550.00 1885610.00
5 5 11 6.96 1776880.00 1900580.00
5 5 12 7.28 1765030.00 1893460.00
5 5 13 7.65 1746670.00 1880270.00
5 5 14 7.24 1736640.00 1862440.00
5 5 15 5.35 1745970.00 1839350.00
5 5 16 5.50 1731770.00 1827060.00
5 5 17 3.99 1716690.00 1785240.00
5 5 18 3.93 1718920.00 1786450.00
5 5 19 3.99 1673130.00 1739950.00
5 5 20 5.15 1656130.00 1741370.00

