#N W S LLC-loads-avg-C0-median
1 0 0 40.21 40392.50 56634.60
1 0 1 29.14 39343.70 50807.10
1 0 2 28.46 38612.90 49602.00
1 0 3 25.83 39208.80 49338.00
1 0 4 27.94 39493.00 50527.30
1 0 5 16.67 40758.20 47553.90
1 0 6 30.28 39182.70 51048.60
1 0 7 30.56 39907.00 52102.40
1 0 8 24.21 39958.90 49631.20
1 0 9 37.30 38751.30 53206.90
1 0 10 26.67 38512.00 48783.10
1 0 11 24.85 39029.30 48727.30
1 0 12 16.67 40510.30 47261.70
1 0 13 26.13 38964.60 49145.00
1 0 14 26.42 39100.50 49431.90
1 0 15 36.03 39964.10 54364.90
1 0 16 28.57 39071.50 50234.10
1 0 17 21.80 39859.50 48550.10
1 0 18 25.63 39101.20 49123.70
1 0 19 23.01 37640.70 46302.40
1 0 20 17.53 38521.10 45275.70

1 1 0 24.32 37211.30 46261.60
1 1 1 5.49 277076.00 292280.00
1 1 2 20.86 422917.00 511125.00
1 1 3 24.72 474444.00 591706.00
1 1 4 24.38 502513.00 625047.00
1 1 5 26.25 518977.00 655215.00
1 1 6 27.64 530107.00 676651.00
1 1 7 27.77 531905.00 679600.00
1 1 8 27.82 536335.00 685523.00
1 1 9 26.89 542511.00 688386.00
1 1 10 24.68 546708.00 681637.00
1 1 11 26.65 544825.00 690028.00
1 1 12 26.93 544661.00 691357.00
1 1 13 25.95 548022.00 690242.00
1 1 14 26.00 545727.00 687614.00
1 1 15 27.40 544462.00 693665.00
1 1 16 25.12 545128.00 682086.00
1 1 17 26.14 538969.00 679869.00
1 1 18 25.20 540599.00 676848.00
1 1 19 25.79 542178.00 682028.00
1 1 20 25.25 541081.00 677704.00

1 2 0 20.14 35667.80 42851.50
1 2 1 2.60 260324.00 267098.00
1 2 2 16.20 398169.00 462681.00
1 2 3 19.43 447526.00 534473.00
1 2 4 18.51 473651.00 561319.00
1 2 5 21.03 490169.00 593237.00
1 2 6 21.90 500505.00 610128.00
1 2 7 19.73 506445.00 606363.00
1 2 8 19.34 510527.00 609243.00
1 2 9 21.86 512962.00 625118.00
1 2 10 21.14 516822.00 626092.00
1 2 11 21.47 518664.00 630007.00
1 2 12 20.89 519261.00 627746.00
1 2 13 23.40 517545.00 638640.00
1 2 14 22.04 517610.00 631699.00
1 2 15 22.24 514790.00 629275.00
1 2 16 21.12 513854.00 622377.00
1 2 17 21.16 515873.00 625038.00
1 2 18 22.09 513968.00 627508.00
1 2 19 21.02 510407.00 617714.00
1 2 20 21.36 509501.00 618339.00

1 3 0 16.60 34595.40 40337.60
1 3 1 -0.46 247187.00 246051.00
1 3 2 13.16 380864.00 430986.00
1 3 3 16.73 427451.00 498943.00
1 3 4 18.49 452397.00 536054.00
1 3 5 19.87 465796.00 558330.00
1 3 6 20.60 478181.00 576680.00
1 3 7 20.11 483069.00 580226.00
1 3 8 20.04 485413.00 582674.00
1 3 9 20.23 488083.00 586816.00
1 3 10 20.22 491057.00 590367.00
1 3 11 20.28 493445.00 593493.00
1 3 12 20.44 493698.00 594632.00
1 3 13 20.49 496091.00 597721.00
1 3 14 19.27 493406.00 588492.00
1 3 15 20.52 493780.00 595092.00
1 3 16 21.09 488993.00 592112.00
1 3 17 20.32 487393.00 586431.00
1 3 18 19.93 488861.00 586272.00
1 3 19 19.36 487984.00 582454.00
1 3 20 19.19 492198.00 586671.00

1 4 0 2.64 32812.50 33678.40
1 4 1 -8.00 237436.00 218443.00
1 4 2 10.82 365181.00 404691.00
1 4 3 14.92 410344.00 471577.00
1 4 4 16.57 433123.00 504907.00
1 4 5 17.91 445028.00 524725.00
1 4 6 17.08 461622.00 540471.00
1 4 7 18.88 460364.00 547270.00
1 4 8 19.26 465117.00 554684.00
1 4 9 18.47 468745.00 555325.00
1 4 10 17.58 470998.00 553804.00
1 4 11 18.72 471470.00 559732.00
1 4 12 18.15 474506.00 560609.00
1 4 13 18.05 474552.00 560201.00
1 4 14 17.36 475640.00 558220.00
1 4 15 17.05 476009.00 557161.00
1 4 16 17.65 474091.00 557759.00
1 4 17 17.76 473717.00 557867.00
1 4 18 18.15 475027.00 561264.00
1 4 19 17.53 470813.00 553323.00
1 4 20 18.27 469450.00 555208.00

1 5 0 4.15 31391.70 32695.10
1 5 1 -9.46 227545.00 206019.00
1 5 2 8.69 349190.00 379520.00
1 5 3 13.02 393056.00 444213.00
1 5 4 13.98 414399.00 472347.00
1 5 5 15.22 427722.00 492813.00
1 5 6 15.73 437116.00 505887.00
1 5 7 16.70 440289.00 513808.00
1 5 8 16.67 443698.00 517665.00
1 5 9 17.44 446732.00 524632.00
1 5 10 16.81 451063.00 526895.00
1 5 11 17.10 450705.00 527758.00
1 5 12 16.96 452127.00 528799.00
1 5 13 17.17 451602.00 529138.00
1 5 14 14.07 453389.00 517186.00
1 5 15 17.38 451869.00 530425.00
1 5 16 18.29 452089.00 534754.00
1 5 17 17.03 453192.00 530379.00
1 5 18 16.51 451439.00 525952.00
1 5 19 16.17 448993.00 521594.00
1 5 20 14.95 449467.00 516646.00

2 0 0 42.78 39795.00 56818.60
2 0 1 20.19 37099.50 44591.70
2 0 2 18.62 36778.80 43626.70
2 0 3 31.32 37590.80 49363.90
2 0 4 14.92 36935.70 42444.70
2 0 5 17.11 36864.00 43171.80
2 0 6 14.36 38573.10 44112.90
2 0 7 24.75 37774.50 47124.20
2 0 8 16.82 37496.20 43803.30
2 0 9 19.25 37346.30 44534.40
2 0 10 17.14 38257.80 44816.80
2 0 11 16.50 37701.80 43924.10
2 0 12 17.90 37626.10 44362.00
2 0 13 22.74 37853.10 46462.60
2 0 14 33.61 36258.40 48443.70
2 0 15 16.27 36996.30 43015.60
2 0 16 18.92 37514.40 44610.50
2 0 17 22.70 36723.90 45061.50
2 0 18 21.11 37442.10 45346.50
2 0 19 11.85 38099.10 42614.20
2 0 20 24.87 37403.80 46707.80

2 1 0 22.95 37548.50 46166.20
2 1 1 -8.23 410228.00 376458.00
2 1 2 11.30 687940.00 765686.00
2 1 3 15.68 781051.00 903515.00
2 1 4 17.33 829630.00 973367.00
2 1 5 18.81 856469.00 1017550.00
2 1 6 19.30 875374.00 1044300.00
2 1 7 19.26 883781.00 1053970.00
2 1 8 19.72 887297.00 1062290.00
2 1 9 19.56 891574.00 1065960.00
2 1 10 20.01 891771.00 1070250.00
2 1 11 19.54 892556.00 1066980.00
2 1 12 17.76 898192.00 1057720.00
2 1 13 16.56 902607.00 1052120.00
2 1 14 17.25 902159.00 1057810.00
2 1 15 17.78 896096.00 1055430.00
2 1 16 19.04 883602.00 1051850.00
2 1 17 17.23 886384.00 1039070.00
2 1 18 17.29 886443.00 1039720.00
2 1 19 14.78 879055.00 1008950.00
2 1 20 16.15 886028.00 1029160.00

2 2 0 19.79 34627.10 41479.90
2 2 1 -13.22 399865.00 346986.00
2 2 2 10.34 656802.00 724721.00
2 2 3 13.94 746125.00 850158.00
2 2 4 17.34 786328.00 922705.00
2 2 5 17.22 818611.00 959573.00
2 2 6 17.44 839431.00 985868.00
2 2 7 18.31 842906.00 997234.00
2 2 8 17.69 854296.00 1005440.00
2 2 9 18.58 851484.00 1009650.00
2 2 10 17.64 858166.00 1009570.00
2 2 11 16.92 856402.00 1001270.00
2 2 12 18.62 860262.00 1020400.00
2 2 13 18.36 859650.00 1017480.00
2 2 14 18.34 855306.00 1012180.00
2 2 15 18.61 849366.00 1007410.00
2 2 16 19.64 842953.00 1008540.00
2 2 17 18.45 851513.00 1008600.00
2 2 18 18.05 844083.00 996468.00
2 2 19 14.77 852817.00 978783.00
2 2 20 15.34 843002.00 972318.00

2 3 0 15.58 32947.30 38081.00
2 3 1 -8.05 379895.00 349329.00
2 3 2 8.13 630208.00 681471.00
2 3 3 13.01 715026.00 808076.00
2 3 4 14.10 759432.00 866505.00
2 3 5 16.04 781996.00 907414.00
2 3 6 15.72 808517.00 935633.00
2 3 7 14.80 806877.00 926285.00
2 3 8 16.11 818021.00 949788.00
2 3 9 17.06 816965.00 956337.00
2 3 10 17.18 822988.00 964363.00
2 3 11 16.38 825843.00 961140.00
2 3 12 17.05 823694.00 964167.00
2 3 13 16.18 824845.00 958316.00
2 3 14 17.04 821078.00 961001.00
2 3 15 17.04 814071.00 952800.00
2 3 16 14.18 814642.00 930173.00
2 3 17 13.49 807966.00 916994.00
2 3 18 14.21 811998.00 927355.00
2 3 19 13.13 806857.00 912820.00
2 3 20 13.31 800985.00 907611.00

2 4 0 8.87 32312.90 35178.50
2 4 1 -9.75 357582.00 322719.00
2 4 2 5.83 595096.00 629763.00
2 4 3 11.82 679360.00 759633.00
2 4 4 13.62 721871.00 820213.00
2 4 5 14.95 746736.00 858344.00
2 4 6 15.60 765784.00 885264.00
2 4 7 15.66 768075.00 888325.00
2 4 8 16.35 773964.00 900512.00
2 4 9 15.84 778046.00 901274.00
2 4 10 16.10 781561.00 907422.00
2 4 11 16.75 782470.00 913555.00
2 4 12 15.34 785855.00 906387.00
2 4 13 15.50 784272.00 905807.00
2 4 14 13.79 785889.00 894277.00
2 4 15 14.18 788291.00 900052.00
2 4 16 15.31 788095.00 908723.00
2 4 17 14.93 779550.00 895929.00
2 4 18 14.56 778356.00 891679.00
2 4 19 13.90 769732.00 876737.00
2 4 20 12.98 767040.00 866595.00

2 5 0 11.62 30264.90 33782.40
2 5 1 -10.97 345284.00 307414.00
2 5 2 6.53 563094.00 599851.00
2 5 3 11.67 635379.00 709533.00
2 5 4 12.88 675934.00 762996.00
2 5 5 14.34 695533.00 795273.00
2 5 6 14.87 711222.00 816949.00
2 5 7 14.46 717929.00 821755.00
2 5 8 14.27 717242.00 819593.00
2 5 9 15.22 719468.00 828984.00
2 5 10 14.74 718621.00 824520.00
2 5 11 14.83 725051.00 832578.00
2 5 12 11.32 724976.00 807063.00
2 5 13 15.42 719278.00 830221.00
2 5 14 14.44 719409.00 823272.00
2 5 15 13.43 713659.00 809500.00
2 5 16 14.94 714032.00 820719.00
2 5 17 12.28 719398.00 807769.00
2 5 18 11.73 712464.00 796021.00
2 5 19 12.87 688187.00 776790.00
2 5 20 13.16 699028.00 791030.00

3 0 0 42.26 39912.60 56778.50
3 0 1 14.41 35947.40 41126.00
3 0 2 24.89 34704.10 43341.30
3 0 3 14.83 34847.20 40015.40
3 0 4 14.46 35199.40 40289.60
3 0 5 14.19 34518.90 39417.70
3 0 6 11.33 35696.60 39739.30
3 0 7 14.76 34352.80 39421.70
3 0 8 7.00 36250.50 38786.70
3 0 9 13.27 35024.20 39672.70
3 0 10 21.71 34752.70 42297.00
3 0 11 15.97 34768.80 40320.60
3 0 12 12.72 35648.70 40183.00
3 0 13 16.69 34798.20 40605.40
3 0 14 25.36 34526.70 43283.60
3 0 15 9.85 36214.90 39781.90
3 0 16 16.02 34597.50 40138.80
3 0 17 14.53 35502.80 40662.90
3 0 18 16.40 35441.70 41254.00
3 0 19 24.47 34625.20 43099.50
3 0 20 16.42 35411.90 41226.00

3 1 0 17.31 36691.40 43041.10
3 1 1 -15.24 517392.00 438561.00
3 1 2 8.67 884463.00 961169.00
3 1 3 12.86 1010010.00 1139940.00
3 1 4 14.42 1073760.00 1228640.00
3 1 5 15.23 1116600.00 1286670.00
3 1 6 15.95 1139740.00 1321510.00
3 1 7 14.08 1148580.00 1310340.00
3 1 8 16.09 1149430.00 1334350.00
3 1 9 16.66 1148330.00 1339600.00
3 1 10 16.44 1152040.00 1341390.00
3 1 11 16.71 1158090.00 1351600.00
3 1 12 14.00 1156890.00 1318810.00
3 1 13 12.51 1162150.00 1307590.00
3 1 14 14.31 1158940.00 1324780.00
3 1 15 16.36 1148130.00 1335960.00
3 1 16 15.16 1146660.00 1320470.00
3 1 17 14.70 1113530.00 1277220.00
3 1 18 15.00 1127280.00 1296340.00
3 1 19 14.38 1113410.00 1273500.00
3 1 20 14.51 1114840.00 1276550.00

3 2 0 10.86 36447.70 40406.60
3 2 1 -18.44 504466.00 411440.00
3 2 2 7.44 848052.00 911126.00
3 2 3 11.30 970340.00 1080020.00
3 2 4 14.15 1025650.00 1170810.00
3 2 5 15.20 1061620.00 1223020.00
3 2 6 15.15 1090550.00 1255740.00
3 2 7 15.21 1095270.00 1261850.00
3 2 8 15.53 1101250.00 1272280.00
3 2 9 16.50 1103040.00 1285090.00
3 2 10 15.53 1108960.00 1281130.00
3 2 11 15.77 1108380.00 1283190.00
3 2 12 16.58 1102700.00 1285560.00
3 2 13 17.28 1098870.00 1288790.00
3 2 14 16.94 1095760.00 1281430.00
3 2 15 14.69 1087370.00 1247130.00
3 2 16 19.08 1063010.00 1265840.00
3 2 17 15.71 1081820.00 1251790.00
3 2 18 14.49 1067860.00 1222580.00
3 2 19 15.05 1059110.00 1218530.00
3 2 20 12.67 1065010.00 1200000.00

3 3 0 17.79 32673.80 38487.50
3 3 1 -13.31 470588.00 407970.00
3 3 2 6.70 805687.00 859671.00
3 3 3 9.94 924466.00 1016370.00
3 3 4 11.91 977345.00 1093760.00
3 3 5 13.09 1018790.00 1152110.00
3 3 6 13.89 1035550.00 1179360.00
3 3 7 14.11 1040370.00 1187170.00
3 3 8 14.65 1042870.00 1195620.00
3 3 9 14.09 1048080.00 1195750.00
3 3 10 13.78 1050850.00 1195690.00
3 3 11 11.83 1049450.00 1173590.00
3 3 12 12.95 1054590.00 1191120.00
3 3 13 13.10 1046050.00 1183110.00
3 3 14 13.34 1046560.00 1186180.00
3 3 15 14.36 1020730.00 1167340.00
3 3 16 11.05 1013680.00 1125720.00
3 3 17 10.31 1017890.00 1122840.00
3 3 18 9.73 1009430.00 1107600.00
3 3 19 10.47 1006210.00 1111610.00
3 3 20 10.14 1006830.00 1108950.00

3 4 0 15.56 30856.90 35657.60
3 4 1 -15.49 434621.00 367308.00
3 4 2 5.23 750023.00 789220.00
3 4 3 10.40 853797.00 942592.00
3 4 4 11.04 910339.00 1010840.00
3 4 5 12.15 937963.00 1051930.00
3 4 6 12.22 967101.00 1085280.00
3 4 7 13.17 964029.00 1090960.00
3 4 8 12.73 970289.00 1093840.00
3 4 9 12.99 971784.00 1098040.00
3 4 10 13.14 972131.00 1099900.00
3 4 11 12.02 979378.00 1097130.00
3 4 12 12.10 976357.00 1094470.00
3 4 13 11.06 974036.00 1081760.00
3 4 14 10.41 971964.00 1073100.00
3 4 15 10.73 972769.00 1077190.00
3 4 16 9.40 971330.00 1062670.00
3 4 17 11.49 960680.00 1071050.00
3 4 18 11.58 951018.00 1061140.00
3 4 19 10.10 934243.00 1028620.00
3 4 20 12.04 929444.00 1041340.00

3 5 0 10.31 29579.50 32628.70
3 5 1 -18.50 421426.00 343445.00
3 5 2 5.11 706227.00 742339.00
3 5 3 8.83 804305.00 875359.00
3 5 4 8.49 850363.00 922579.00
3 5 5 10.53 884552.00 977688.00
3 5 6 11.79 896976.00 1002730.00
3 5 7 11.65 899560.00 1004340.00
3 5 8 11.61 900056.00 1004520.00
3 5 9 12.18 899784.00 1009360.00
3 5 10 11.90 900699.00 1007870.00
3 5 11 10.34 900279.00 993404.00
3 5 12 12.54 897846.00 1010460.00
3 5 13 11.61 895627.00 999623.00
3 5 14 13.22 888683.00 1006200.00
3 5 15 13.53 882045.00 1001420.00
3 5 16 10.87 892944.00 990001.00
3 5 17 10.36 888957.00 981051.00
3 5 18 10.69 870506.00 963521.00
3 5 19 10.01 865002.00 951554.00
3 5 20 9.49 859215.00 940792.00

4 0 0 50.84 38637.30 58281.50
4 0 1 11.52 31708.40 35360.90
4 0 2 20.92 31272.20 37815.40
4 0 3 20.00 31827.60 38192.50
4 0 4 14.08 31963.70 36465.30
4 0 5 12.91 31629.10 35712.60
4 0 6 12.18 32014.50 35915.40
4 0 7 23.57 31161.60 38506.00
4 0 8 15.91 31133.40 36086.50
4 0 9 26.04 31485.50 39685.50
4 0 10 10.70 32654.20 36148.40
4 0 11 13.47 31756.10 36032.10
4 0 12 10.50 31020.20 34278.30
4 0 13 17.49 31483.10 36989.10
4 0 14 19.44 32773.30 39144.10
4 0 15 18.73 31070.80 36891.60
4 0 16 13.88 31678.70 36074.90
4 0 17 12.94 31270.80 35318.30
4 0 18 9.73 30996.00 34013.20
4 0 19 23.21 30987.80 38181.50
4 0 20 13.05 32241.60 36448.90

4 1 0 22.87 35224.40 43281.70
4 1 1 -16.02 574216.00 482199.00
4 1 2 5.67 1027980.00 1086280.00
4 1 3 10.08 1177530.00 1296190.00
4 1 4 12.58 1246440.00 1403200.00
4 1 5 13.47 1291970.00 1466010.00
4 1 6 13.35 1325280.00 1502200.00
4 1 7 14.01 1326340.00 1512170.00
4 1 8 13.83 1330820.00 1514830.00
4 1 9 14.48 1327270.00 1519520.00
4 1 10 14.13 1333020.00 1521320.00
4 1 11 14.23 1339820.00 1530540.00
4 1 12 11.42 1345300.00 1498960.00
4 1 13 10.91 1341650.00 1488090.00
4 1 14 13.21 1329480.00 1505140.00
4 1 15 11.97 1331500.00 1490900.00
4 1 16 12.50 1290780.00 1452180.00
4 1 17 10.66 1290915.00 1428500.00
4 1 18 13.32 1277790.00 1447970.00
4 1 19 10.90 1284460.00 1424410.00
4 1 20 11.10 1281500.00 1423720.00

4 2 0 10.56 33239.80 36749.10
4 2 1 -14.27 559809.00 479920.00
4 2 2 5.19 985072.00 1036180.00
4 2 3 8.24 1127410.00 1220270.00
4 2 4 10.93 1198450.00 1329490.00
4 2 5 12.23 1238400.00 1389850.00
4 2 6 12.70 1273630.00 1435400.00
4 2 7 13.23 1272330.00 1440700.00
4 2 8 12.73 1280560.00 1443560.00
4 2 9 12.56 1281190.00 1442150.00
4 2 10 13.16 1284550.00 1453540.00
4 2 11 12.33 1292290.00 1451640.00
4 2 12 13.47 1279080.00 1451400.00
4 2 13 13.07 1282580.00 1450210.00
4 2 14 11.91 1273270.00 1424890.00
4 2 15 14.64 1242670.00 1424590.00
4 2 16 12.44 1248490.00 1403820.00
4 2 17 11.88 1250140.00 1398710.00
4 2 18 15.01 1213370.00 1395490.00
4 2 19 11.15 1228750.00 1365800.00
4 2 20 11.26 1211330.00 1347760.00

4 3 0 17.63 31147.40 36637.70
4 3 1 -16.04 529950.00 444952.00
4 3 2 3.31 926450.00 957099.00
4 3 3 8.74 1047760.00 1139370.00
4 3 4 9.23 1121290.00 1224780.00
4 3 5 10.14 1156800.00 1274070.00
4 3 6 10.73 1182410.00 1309310.00
4 3 7 10.22 1179220.00 1299730.00
4 3 8 11.33 1178340.00 1311810.00
4 3 9 10.98 1187060.00 1317380.00
4 3 10 12.20 1176840.00 1320360.00
4 3 11 10.37 1179880.00 1302270.00
4 3 12 10.93 1180680.00 1309700.00
4 3 13 11.52 1170120.00 1304960.00
4 3 14 11.40 1164990.00 1297790.00
4 3 15 10.50 1140310.00 1260030.00
4 3 16 6.82 1137570.00 1215150.00
4 3 17 7.48 1125790.00 1210040.00
4 3 18 7.73 1128360.00 1215610.00
4 3 19 9.16 1120900.00 1223570.00
4 3 20 5.70 1119500.00 1183350.00

4 4 0 11.52 29607.80 33018.00
4 4 1 -16.80 495701.00 412430.00
4 4 2 3.85 861501.00 894665.00
4 4 3 6.21 977146.00 1037850.00
4 4 4 8.97 1043250.00 1136880.00
4 4 5 10.73 1071920.00 1186960.00
4 4 6 8.18 1105870.00 1196300.00
4 4 7 8.41 1104000.00 1196890.00
4 4 8 11.57 1095850.00 1222610.00
4 4 9 11.18 1097780.00 1220560.00
4 4 10 10.83 1103600.00 1223070.00
4 4 11 10.24 1102720.00 1215590.00
4 4 12 10.47 1101920.00 1217290.00
4 4 13 9.21 1099740.00 1200980.00
4 4 14 8.08 1096320.00 1184860.00
4 4 15 8.93 1100320.00 1198550.00
4 4 16 8.00 1099250.00 1187160.00
4 4 17 7.29 1084570.00 1163660.00
4 4 18 8.23 1073730.00 1162050.00
4 4 19 5.51 1054480.00 1112600.00
4 4 20 7.17 1053410.00 1128900.00

4 5 0 9.25 29552.70 32285.90
4 5 1 -19.25 479911.00 387512.00
4 5 2 1.82 819877.00 834808.00
4 5 3 7.10 928896.00 994803.00
4 5 4 8.91 981318.00 1068740.00
4 5 5 9.20 1020340.00 1114190.00
4 5 6 9.85 1039380.00 1141780.00
4 5 7 10.48 1035110.00 1143590.00
4 5 8 10.83 1032010.00 1143780.00
4 5 9 10.36 1034670.00 1141880.00
4 5 10 10.00 1034890.00 1138430.00
4 5 11 10.22 1032760.00 1138290.00
4 5 12 10.65 1027630.00 1137110.00
4 5 13 8.48 1031190.00 1118650.00
4 5 14 10.84 1021560.00 1132320.00
4 5 15 11.45 1016920.00 1133330.00
4 5 16 9.04 1018200.00 1110200.00
4 5 17 8.95 1017330.00 1108340.00
4 5 18 7.95 991088.00 1069870.00
4 5 19 8.51 980994.00 1064480.00
4 5 20 8.21 973370.00 1053250.00

5 0 0 51.04 39257.00 59295.40
5 0 1 18.19 28324.00 33476.60
5 0 2 29.23 28507.10 36839.30
5 0 3 12.89 28277.30 31922.60
5 0 4 11.45 29151.10 32489.00
5 0 5 12.14 28341.90 31782.10
5 0 6 19.18 28369.90 33811.30
5 0 7 15.27 28230.70 32542.10
5 0 8 8.34 29076.30 31501.20
5 0 9 8.81 28561.40 31078.50
5 0 10 9.81 29342.30 32221.00
5 0 11 25.79 28863.00 36306.30
5 0 12 11.46 28551.50 31823.80
5 0 13 4.18 28852.90 30059.20
5 0 14 14.53 28193.50 32291.20
5 0 15 18.17 28906.10 34159.40
5 0 16 10.02 29346.50 32288.30
5 0 17 7.64 29545.30 31803.30
5 0 18 9.72 29800.20 32695.30
5 0 19 13.64 28043.00 31868.80
5 0 20 20.90 27659.40 33441.40

5 1 0 16.40 35319.00 41112.50
5 1 1 -20.14 624473.00 498674.00
5 1 2 4.05 1123460.00 1168950.00
5 1 3 8.50 1290360.00 1399990.00
5 1 4 10.80 1365990.00 1513460.00
5 1 5 11.29 1417400.00 1577480.00
5 1 6 11.89 1448570.00 1620850.00
5 1 7 12.39 1450150.00 1629880.00
5 1 8 11.55 1450410.00 1617940.00
5 1 9 12.75 1451220.00 1636240.00
5 1 10 12.34 1454640.00 1634160.00
5 1 11 12.60 1448940.00 1631450.00
5 1 12 11.19 1451870.00 1614290.00
5 1 13 12.25 1445340.00 1622410.00
5 1 14 13.80 1430740.00 1628190.00
5 1 15 9.36 1435410.00 1569740.00
5 1 16 12.24 1396400.00 1567290.00
5 1 17 10.81 1394120.00 1544860.00
5 1 18 11.32 1382520.00 1539030.00
5 1 19 10.74 1369540.00 1516580.00
5 1 20 10.04 1373180.00 1510990.00

5 2 0 16.01 32908.00 38178.20
5 2 1 -20.84 603590.00 477779.00
5 2 2 2.84 1075210.00 1105720.00
5 2 3 7.52 1232260.00 1324870.00
5 2 4 8.55 1312010.00 1424250.00
5 2 5 10.00 1351570.00 1486730.00
5 2 6 11.05 1379350.00 1531800.00
5 2 7 10.13 1392340.00 1533450.00
5 2 8 10.11 1385800.00 1525930.00
5 2 9 9.48 1394990.00 1527270.00
5 2 10 10.75 1384400.00 1533240.00
5 2 11 10.00 1387390.00 1526150.00
5 2 12 10.27 1385270.00 1527590.00
5 2 13 11.74 1365360.00 1525680.00
5 2 14 9.16 1363810.00 1488800.00
5 2 15 12.20 1335690.00 1498660.00
5 2 16 9.28 1335870.00 1459780.00
5 2 17 9.06 1319320.00 1438880.00
5 2 18 12.83 1297940.00 1464510.00
5 2 19 8.10 1304320.00 1409990.00
5 2 20 5.53 1312240.00 1384830.00

5 3 0 10.44 31884.70 35212.40
5 3 1 -14.86 574766.00 489337.00
5 3 2 2.25 1010300.00 1033080.00
5 3 3 5.42 1154700.00 1217250.00
5 3 4 8.07 1217270.00 1315480.00
5 3 5 8.86 1253140.00 1364160.00
5 3 6 9.19 1279570.00 1397130.00
5 3 7 9.33 1282380.00 1401990.00
5 3 8 9.30 1278300.00 1397160.00
5 3 9 9.21 1276030.00 1393550.00
5 3 10 9.49 1277090.00 1398230.00
5 3 11 9.65 1268870.00 1391360.00
5 3 12 9.17 1265470.00 1381470.00
5 3 13 9.63 1264680.00 1386410.00
5 3 14 9.86 1244870.00 1367610.00
5 3 15 11.13 1225330.00 1361700.00
5 3 16 7.64 1212700.00 1305290.00
5 3 17 4.36 1236210.00 1290100.00
5 3 18 8.65 1190970.00 1294010.00
5 3 19 4.20 1212740.00 1263640.00
5 3 20 7.58 1185510.00 1275400.00

5 4 0 14.71 30450.20 34930.60
5 4 1 -24.27 552366.00 418312.00
5 4 2 1.96 948191.00 966781.00
5 4 3 6.22 1079430.00 1146620.00
5 4 4 7.67 1138360.00 1225630.00
5 4 5 8.78 1173400.00 1276420.00
5 4 6 9.44 1198410.00 1311510.00
5 4 7 10.39 1197130.00 1321470.00
5 4 8 9.49 1199060.00 1312820.00
5 4 9 9.34 1197720.00 1309540.00
5 4 10 8.53 1200950.00 1303440.00
5 4 11 8.84 1203720.00 1310070.00
5 4 12 8.98 1193680.00 1300890.00
5 4 13 8.37 1193830.00 1293810.00
5 4 14 7.02 1193600.00 1277450.00
5 4 15 4.75 1197260.00 1254100.00
5 4 16 6.71 1192040.00 1272030.00
5 4 17 7.44 1173510.00 1260790.00
5 4 18 7.93 1162610.00 1254850.00
5 4 19 7.34 1150590.00 1235090.00
5 4 20 5.39 1142910.00 1204560.00

5 5 0 13.04 27814.00 31439.80
5 5 1 -13.50 522312.00 451786.00
5 5 2 2.25 901972.00 922266.00
5 5 3 5.70 1021970.00 1080190.00
5 5 4 7.72 1080250.00 1163640.00
5 5 5 8.26 1112960.00 1204840.00
5 5 6 8.42 1141440.00 1237560.00
5 5 7 8.77 1134560.00 1234070.00
5 5 8 8.60 1135630.00 1233340.00
5 5 9 8.62 1137040.00 1235100.00
5 5 10 7.53 1135500.00 1221000.00
5 5 11 8.74 1133840.00 1232960.00
5 5 12 9.21 1126690.00 1230450.00
5 5 13 9.64 1116290.00 1223920.00
5 5 14 9.49 1115430.00 1221310.00
5 5 15 8.03 1114150.00 1203580.00
5 5 16 8.14 1110200.00 1200560.00
5 5 17 6.42 1102200.00 1173010.00
5 5 18 6.84 1101190.00 1176510.00
5 5 19 6.49 1074700.00 1144500.00
5 5 20 7.84 1060090.00 1143160.00

