#N W S Throughput-median
1 0 0 13.17 281.00 318.00
1 0 1 -7.77 283.00 261.00
1 0 2 -7.62 282.25 260.75
1 0 3 -7.62 282.25 260.75
1 0 4 -7.62 282.25 260.75
1 0 5 -7.53 282.25 261.00
1 0 6 -7.71 282.25 260.50
1 0 7 -7.71 282.25 260.50
1 0 8 -7.62 282.25 260.75
1 0 9 -7.78 282.75 260.75
1 0 10 -7.70 282.50 260.75
1 0 11 -8.04 283.00 260.25
1 0 12 -7.62 282.25 260.75
1 0 13 -7.70 282.50 260.75
1 0 14 -7.70 282.50 260.75
1 0 15 -7.71 282.25 260.50
1 0 16 -7.62 282.25 260.75
1 0 17 -7.70 282.50 260.75
1 0 18 -7.69 283.00 261.25
1 0 19 -7.94 283.25 260.75
1 0 20 -8.12 283.25 260.25

1 1 0 -7.93 287.00 264.25
1 1 1 -10.81 307.50 274.25
1 1 2 -11.12 310.25 275.75
1 1 3 -11.32 311.50 276.25
1 1 4 -11.22 312.00 277.00
1 1 5 -11.53 312.25 276.25
1 1 6 -11.43 312.75 277.00
1 1 7 -11.63 313.75 277.25
1 1 8 -11.67 315.00 278.25
1 1 9 -11.74 315.25 278.25
1 1 10 -11.00 316.00 281.25
1 1 11 -12.65 316.25 276.25
1 1 12 -11.45 316.50 280.25
1 1 13 -10.96 317.00 282.25
1 1 14 -11.10 317.50 282.25
1 1 15 -11.60 319.00 282.00
1 1 16 -11.56 320.00 283.00
1 1 17 -11.59 321.50 284.25
1 1 18 -12.99 323.25 281.25
1 1 19 -13.03 322.25 280.25
1 1 20 -11.76 323.25 285.25

1 2 0 -9.42 297.25 269.25
1 2 1 -12.11 318.00 279.50
1 2 2 -11.14 321.00 285.25
1 2 3 -11.35 321.50 285.00
1 2 4 -10.96 321.50 286.25
1 2 5 -12.72 322.25 281.25
1 2 6 -11.52 323.25 286.00
1 2 7 -11.57 324.25 286.75
1 2 8 -11.56 324.50 287.00
1 2 9 -12.14 325.25 285.75
1 2 10 -12.06 325.50 286.25
1 2 11 -12.03 326.25 287.00
1 2 12 -12.16 327.00 287.25
1 2 13 -12.22 327.25 287.25
1 2 14 -12.68 329.25 287.50
1 2 15 -12.22 329.25 289.00
1 2 16 -12.60 331.25 289.50
1 2 17 -12.69 331.00 289.00
1 2 18 -12.00 331.25 291.50
1 2 19 -14.64 333.00 284.25
1 2 20 -11.67 334.25 295.25

1 3 0 -10.01 307.25 276.50
1 3 1 -12.73 328.00 286.25
1 3 2 -12.79 330.25 288.00
1 3 3 -16.05 330.25 277.25
1 3 4 -12.98 331.25 288.25
1 3 5 -16.23 331.25 277.50
1 3 6 -12.48 332.50 291.00
1 3 7 -12.69 333.00 290.75
1 3 8 -12.50 334.00 292.25
1 3 9 -16.59 334.50 279.00
1 3 10 -14.62 335.25 286.25
1 3 11 -12.22 335.50 294.50
1 3 12 -11.74 336.50 297.00
1 3 13 -11.67 336.25 297.00
1 3 14 -10.08 337.25 303.25
1 3 15 -11.52 338.50 299.50
1 3 16 -11.95 341.00 300.25
1 3 17 -11.21 341.25 303.00
1 3 18 -10.74 342.25 305.50
1 3 19 -10.52 342.25 306.25
1 3 20 -10.70 341.00 304.50

1 4 0 -11.59 317.00 280.25
1 4 1 -12.12 336.25 295.50
1 4 2 -11.37 338.50 300.00
1 4 3 -11.19 339.50 301.50
1 4 4 -11.26 339.75 301.50
1 4 5 -11.16 340.50 302.50
1 4 6 -14.07 341.25 293.25
1 4 7 -13.95 342.25 294.50
1 4 8 -10.88 342.50 305.25
1 4 9 -10.78 343.25 306.25
1 4 10 -10.78 343.25 306.25
1 4 11 -10.61 344.00 307.50
1 4 12 -10.46 344.25 308.25
1 4 13 -10.16 344.50 309.50
1 4 14 -12.45 345.25 302.25
1 4 15 -11.20 346.00 307.25
1 4 16 -9.82 346.25 312.25
1 4 17 -9.51 347.00 314.00
1 4 18 -9.58 347.25 314.00
1 4 19 -9.74 349.25 315.25
1 4 20 -9.97 351.00 316.00

1 5 0 -11.84 325.25 286.75
1 5 1 -10.93 345.25 307.50
1 5 2 -10.41 348.25 312.00
1 5 3 -10.24 349.00 313.25
1 5 4 -10.24 349.00 313.25
1 5 5 -10.02 349.25 314.25
1 5 6 -12.27 350.50 307.50
1 5 7 -9.96 351.50 316.50
1 5 8 -9.94 352.25 317.25
1 5 9 -9.86 352.50 317.75
1 5 10 -10.12 353.25 317.50
1 5 11 -9.82 354.00 319.25
1 5 12 -9.75 354.00 319.50
1 5 13 -9.51 355.00 321.25
1 5 14 -8.16 355.50 326.50
1 5 15 -9.94 357.00 321.50
1 5 16 -9.58 357.50 323.25
1 5 17 -9.50 358.00 324.00
1 5 18 -9.53 359.50 325.25
1 5 19 -8.88 360.25 328.25
1 5 20 -11.83 361.25 318.50

2 0 0 12.22 282.25 316.75
2 0 1 -8.64 289.25 264.25
2 0 2 -8.73 289.25 264.00
2 0 3 -8.33 288.25 264.25
2 0 4 -8.24 288.25 264.50
2 0 5 -8.41 288.25 264.00
2 0 6 -8.33 288.25 264.25
2 0 7 -8.33 288.25 264.25
2 0 8 -8.33 288.25 264.25
2 0 9 -8.41 288.50 264.25
2 0 10 -8.64 289.25 264.25
2 0 11 -8.33 288.25 264.25
2 0 12 -8.66 288.75 263.75
2 0 13 -8.24 288.25 264.50
2 0 14 -8.24 288.25 264.50
2 0 15 -8.33 288.25 264.25
2 0 16 -8.41 288.50 264.25
2 0 17 -8.57 288.75 264.00
2 0 18 -8.56 289.00 264.25
2 0 19 -9.19 288.25 261.75
2 0 20 -9.43 289.00 261.75

2 1 0 -8.27 290.25 266.25
2 1 1 -13.32 330.25 286.25
2 1 2 -12.37 335.50 294.00
2 1 3 -11.85 337.50 297.50
2 1 4 -11.75 338.25 298.50
2 1 5 -11.50 339.25 300.25
2 1 6 -11.52 340.75 301.50
2 1 7 -11.11 342.00 304.00
2 1 8 -11.07 343.25 305.25
2 1 9 -11.03 344.50 306.50
2 1 10 -10.69 346.25 309.25
2 1 11 -10.79 347.50 310.00
2 1 12 -9.72 347.25 313.50
2 1 13 -9.29 347.25 315.00
2 1 14 -9.54 348.50 315.25
2 1 15 -10.46 351.25 314.50
2 1 16 -10.09 354.25 318.50
2 1 17 -9.39 354.25 321.00
2 1 18 -9.39 354.25 321.00
2 1 19 -9.86 357.50 322.25
2 1 20 -7.79 353.00 325.50

2 2 0 -9.66 300.25 271.25
2 2 1 -12.76 341.00 297.50
2 2 2 -11.30 345.25 306.25
2 2 3 -11.02 347.25 309.00
2 2 4 -11.14 348.00 309.25
2 2 5 -10.84 348.25 310.50
2 2 6 -10.99 350.25 311.75
2 2 7 -10.81 351.50 313.50
2 2 8 -10.69 353.00 315.25
2 2 9 -10.80 354.25 316.00
2 2 10 -10.16 354.25 318.25
2 2 11 -9.69 356.00 321.50
2 2 12 -9.89 356.25 321.00
2 2 13 -10.40 358.25 321.00
2 2 14 -10.23 359.25 322.50
2 2 15 -12.17 361.50 317.50
2 2 16 -10.25 363.25 326.00
2 2 17 -10.19 363.25 326.25
2 2 18 -9.82 364.00 328.25
2 2 19 -8.51 364.25 333.25
2 2 20 -8.49 365.25 334.25

2 3 0 -10.68 311.25 278.00
2 3 1 -11.31 349.25 309.75
2 3 2 -10.44 354.25 317.25
2 3 3 -10.46 356.25 319.00
2 3 4 -10.36 357.25 320.25
2 3 5 -10.14 357.50 321.25
2 3 6 -10.30 359.25 322.25
2 3 7 -8.81 360.25 328.50
2 3 8 -9.83 361.25 325.75
2 3 9 -9.72 362.50 327.25
2 3 10 -9.82 364.00 328.25
2 3 11 -9.33 364.25 330.25
2 3 12 -9.64 365.75 330.50
2 3 13 -9.28 366.25 332.25
2 3 14 -9.26 367.25 333.25
2 3 15 -9.10 371.00 337.25
2 3 16 -8.08 371.25 341.25
2 3 17 -7.11 372.50 346.00
2 3 18 -8.24 373.25 342.50
2 3 19 -7.46 375.25 347.25
2 3 20 -7.18 376.25 349.25

2 4 0 -10.58 319.00 285.25
2 4 1 -10.97 360.00 320.50
2 4 2 -8.51 364.25 333.25
2 4 3 -9.56 366.00 331.00
2 4 4 -9.56 366.25 331.25
2 4 5 -13.07 367.25 319.25
2 4 6 -9.63 368.50 333.00
2 4 7 -13.98 370.25 318.50
2 4 8 -9.22 371.50 337.25
2 4 9 -9.19 372.50 338.25
2 4 10 -9.18 373.25 339.00
2 4 11 -8.95 374.25 340.75
2 4 12 -8.61 374.50 342.25
2 4 13 -8.65 375.75 343.25
2 4 14 -8.17 376.50 345.75
2 4 15 -13.32 377.25 327.00
2 4 16 -8.51 378.75 346.50
2 4 17 -8.08 380.75 350.00
2 4 18 -8.18 382.25 351.00
2 4 19 -7.77 386.25 356.25
2 4 20 -12.88 386.25 336.50

2 5 0 -11.27 328.25 291.25
2 5 1 -10.36 369.25 331.00
2 5 2 -9.54 377.25 341.25
2 5 3 -9.28 379.75 344.50
2 5 4 -9.25 381.25 346.00
2 5 5 -8.89 382.25 348.25
2 5 6 -9.17 384.25 349.00
2 5 7 -8.80 386.50 352.50
2 5 8 -8.16 389.00 357.25
2 5 9 -9.20 391.25 355.25
2 5 10 -8.92 392.25 357.25
2 5 11 -9.03 393.25 357.75
2 5 12 -7.59 395.25 365.25
2 5 13 -9.42 398.00 360.50
2 5 14 -9.08 399.25 363.00
2 5 15 -8.00 400.25 368.25
2 5 16 -8.89 402.00 366.25
2 5 17 -7.60 401.25 370.75
2 5 18 -13.08 405.25 352.25
2 5 19 -8.10 413.50 380.00
2 5 20 -8.27 411.25 377.25

3 0 0 12.11 282.75 317.00
3 0 1 -10.88 303.25 270.25
3 0 2 -11.13 303.25 269.50
3 0 3 -10.81 303.00 270.25
3 0 4 -10.88 303.25 270.25
3 0 5 -10.81 303.00 270.25
3 0 6 -10.88 303.25 270.25
3 0 7 -10.96 303.25 270.00
3 0 8 -11.63 303.00 267.75
3 0 9 -11.80 303.00 267.25
3 0 10 -10.80 303.25 270.50
3 0 11 -10.63 303.25 271.00
3 0 12 -10.66 302.50 270.25
3 0 13 -10.88 303.25 270.25
3 0 14 -11.79 303.25 267.50
3 0 15 -10.88 303.25 270.25
3 0 16 -10.73 303.00 270.50
3 0 17 -10.88 303.25 270.25
3 0 18 -10.88 303.25 270.25
3 0 19 -10.71 303.50 271.00
3 0 20 -10.88 303.25 270.25

3 1 0 -8.63 292.50 267.25
3 1 1 -12.78 352.25 307.25
3 1 2 -10.20 360.25 323.50
3 1 3 -10.06 362.75 326.25
3 1 4 -10.09 364.25 327.50
3 1 5 -9.79 365.25 329.50
3 1 6 -9.62 366.50 331.25
3 1 7 -8.48 368.50 337.25
3 1 8 -9.39 370.25 335.50
3 1 9 -9.34 372.25 337.50
3 1 10 -9.08 374.25 340.25
3 1 11 -9.27 375.00 340.25
3 1 12 -8.38 376.00 344.50
3 1 13 -7.44 376.25 348.25
3 1 14 -8.00 378.25 348.00
3 1 15 -9.11 381.25 346.50
3 1 16 -14.99 385.25 327.50
3 1 17 -14.07 389.25 334.50
3 1 18 -8.20 387.00 355.25
3 1 19 -8.69 391.25 357.25
3 1 20 -7.64 389.25 359.50

3 2 0 -10.19 304.25 273.25
3 2 1 -11.07 361.50 321.50
3 2 2 -10.02 369.25 332.25
3 2 3 -9.68 372.00 336.00
3 2 4 -9.58 373.00 337.25
3 2 5 -15.23 374.25 317.25
3 2 6 -14.38 375.50 321.50
3 2 7 -9.58 378.50 342.25
3 2 8 -9.47 380.25 344.25
3 2 9 -9.17 381.50 346.50
3 2 10 -9.33 383.25 347.50
3 2 11 -8.71 384.75 351.25
3 2 12 -9.00 386.00 351.25
3 2 13 -15.67 389.25 328.25
3 2 14 -9.29 390.25 354.00
3 2 15 -8.96 393.50 358.25
3 2 16 -10.66 401.00 358.25
3 2 17 -14.48 397.00 339.50
3 2 18 -7.82 396.50 365.50
3 2 19 -8.51 402.50 368.25
3 2 20 -7.17 401.00 372.25

3 3 0 -10.61 313.50 280.25
3 3 1 -10.83 371.75 331.50
3 3 2 -9.27 380.25 345.00
3 3 3 -8.94 383.25 349.00
3 3 4 -8.84 384.50 350.50
3 3 5 -8.83 385.25 351.25
3 3 6 -8.65 387.25 353.75
3 3 7 -8.97 390.25 355.25
3 3 8 -8.79 392.50 358.00
3 3 9 -8.87 394.50 359.50
3 3 10 -8.78 396.00 361.25
3 3 11 -7.30 397.25 368.25
3 3 12 -8.40 399.00 365.50
3 3 13 -8.74 403.25 368.00
3 3 14 -8.37 403.25 369.50
3 3 15 -12.98 410.25 357.00
3 3 16 -7.32 413.50 383.25
3 3 17 -6.56 411.50 384.50
3 3 18 -10.40 413.50 370.50
3 3 19 -6.77 417.25 389.00
3 3 20 -9.69 415.50 375.25

3 4 0 -11.17 322.25 286.25
3 4 1 -9.38 386.50 350.25
3 4 2 -9.50 397.50 359.75
3 4 3 -9.16 401.25 364.50
3 4 4 -8.88 402.75 367.00
3 4 5 -8.84 404.25 368.50
3 4 6 -8.92 406.25 370.00
3 4 7 -8.86 409.25 373.00
3 4 8 -8.74 412.00 376.00
3 4 9 -8.81 414.50 378.00
3 4 10 -8.12 415.50 381.75
3 4 11 -7.92 416.50 383.50
3 4 12 -7.89 418.25 385.25
3 4 13 -7.03 419.50 390.00
3 4 14 -6.65 421.25 393.25
3 4 15 -6.92 422.50 393.25
3 4 16 -5.96 423.50 398.25
3 4 17 -7.65 428.25 395.50
3 4 18 -6.71 432.25 403.25
3 4 19 -5.96 436.25 410.25
3 4 20 -8.23 440.25 404.00

3 5 0 -11.32 331.25 293.75
3 5 1 -10.13 397.50 357.25
3 5 2 -8.91 412.50 375.75
3 5 3 -8.92 417.50 380.25
3 5 4 -7.67 420.25 388.00
3 5 5 -8.53 422.25 386.25
3 5 6 -13.24 424.75 368.50
3 5 7 -8.23 428.50 393.25
3 5 8 -8.27 432.25 396.50
3 5 9 -8.44 435.25 398.50
3 5 10 -8.23 437.25 401.25
3 5 11 -6.85 438.25 408.25
3 5 12 -7.83 440.50 406.00
3 5 13 -7.90 443.25 408.25
3 5 14 -12.33 446.00 391.00
3 5 15 -8.25 448.25 411.25
3 5 16 -7.38 447.25 414.25
3 5 17 -6.45 449.50 420.50
3 5 18 -8.12 443.50 407.50
3 5 19 -7.59 451.50 417.25
3 5 20 -5.70 460.25 434.00

4 0 0 12.00 283.25 317.25
4 0 1 -12.35 319.75 280.25
4 0 2 -11.80 320.00 282.25
4 0 3 -12.11 320.00 281.25
4 0 4 -12.18 320.25 281.25
4 0 5 -12.11 320.00 281.25
4 0 6 -12.19 320.00 281.00
4 0 7 -11.87 320.25 282.25
4 0 8 -12.04 319.75 281.25
4 0 9 -11.80 320.00 282.25
4 0 10 -12.33 320.25 280.75
4 0 11 -11.90 319.25 281.25
4 0 12 -13.43 320.25 277.25
4 0 13 -12.18 320.25 281.25
4 0 14 -11.97 319.50 281.25
4 0 15 -12.18 320.25 281.25
4 0 16 -12.11 320.00 281.25
4 0 17 -12.18 320.25 281.25
4 0 18 -13.27 320.25 277.75
4 0 19 -11.82 319.50 281.75
4 0 20 -12.18 320.25 281.25

4 1 0 -9.25 297.25 269.75
4 1 1 -14.92 375.25 319.25
4 1 2 -9.36 387.25 351.00
4 1 3 -9.20 391.25 355.25
4 1 4 -9.10 393.00 357.25
4 1 5 -9.14 394.00 358.00
4 1 6 -9.09 396.25 360.25
4 1 7 -9.02 399.25 363.25
4 1 8 -8.84 401.50 366.00
4 1 9 -8.89 405.00 369.00
4 1 10 -13.92 406.00 349.50
4 1 11 -8.78 407.00 371.25
4 1 12 -8.12 409.50 376.25
4 1 13 -6.90 409.50 381.25
4 1 14 -8.47 413.25 378.25
4 1 15 -7.47 415.25 384.25
4 1 16 -7.40 422.50 391.25
4 1 17 -7.16 425.75 395.25
4 1 18 -8.99 428.25 389.75
4 1 19 -6.78 427.50 398.50
4 1 20 -7.22 429.25 398.25

4 2 0 -11.53 308.00 272.50
4 2 1 -10.35 386.50 346.50
4 2 2 -9.56 397.50 359.50
4 2 3 -13.55 400.50 346.25
4 2 4 -8.93 403.00 367.00
4 2 5 -8.72 404.25 369.00
4 2 6 -14.22 406.25 348.50
4 2 7 -8.67 409.50 374.00
4 2 8 -8.55 412.25 377.00
4 2 9 -8.67 415.00 379.00
4 2 10 -8.70 416.75 380.50
4 2 11 -13.52 418.00 361.50
4 2 12 -8.43 421.25 385.75
4 2 13 -8.65 421.75 385.25
4 2 14 -7.76 425.25 392.25
4 2 15 -13.04 433.25 376.75
4 2 16 -8.04 432.25 397.50
4 2 17 -8.27 435.25 399.25
4 2 18 -9.07 441.25 401.25
4 2 19 -7.53 438.25 405.25
4 2 20 -10.10 440.50 396.00

4 3 0 -10.87 317.25 282.75
4 3 1 -10.04 398.25 358.25
4 3 2 -8.89 413.25 376.50
4 3 3 -13.44 418.50 362.25
4 3 4 -8.31 421.25 386.25
4 3 5 -8.04 423.00 389.00
4 3 6 -8.03 426.50 392.25
4 3 7 -7.37 430.75 399.00
4 3 8 -7.99 435.00 400.25
4 3 9 -8.04 438.25 403.00
4 3 10 -12.27 440.25 386.25
4 3 11 -7.57 442.50 409.00
4 3 12 -7.76 444.50 410.00
4 3 13 -7.60 447.25 413.25
4 3 14 -7.50 450.25 416.50
4 3 15 -6.79 453.00 422.25
4 3 16 -3.78 449.25 432.25
4 3 17 -5.88 459.25 432.25
4 3 18 -4.21 451.00 432.00
4 3 19 -4.90 454.50 432.25
4 3 20 -3.36 453.25 438.00

4 4 0 -12.57 326.25 285.25
4 4 1 -9.96 416.50 375.00
4 4 2 -9.10 434.00 394.50
4 4 3 -7.68 439.50 405.75
4 4 4 -8.37 442.25 405.25
4 4 5 -8.10 444.25 408.25
4 4 6 -7.15 447.25 415.25
4 4 7 -6.87 451.25 420.25
4 4 8 -7.71 454.25 419.25
4 4 9 -11.83 456.50 402.50
4 4 10 -7.21 457.50 424.50
4 4 11 -10.48 458.00 410.00
4 4 12 -4.23 449.50 430.50
4 4 13 -8.73 458.25 418.25
4 4 14 -5.58 457.25 431.75
4 4 15 -4.31 458.00 438.25
4 4 16 -3.33 457.50 442.25
4 4 17 -5.24 462.50 438.25
4 4 18 -6.07 465.25 437.00
4 4 19 -4.59 474.25 452.50
4 4 20 -5.16 474.75 450.25

4 5 0 -11.33 335.25 297.25
4 5 1 -14.94 428.25 364.25
4 5 2 -7.81 448.25 413.25
4 5 3 -6.71 447.00 417.00
4 5 4 -7.94 456.50 420.25
4 5 5 -7.22 457.25 424.25
4 5 6 -10.40 456.75 409.25
4 5 7 -5.37 456.50 432.00
4 5 8 -4.79 459.25 437.25
4 5 9 -8.11 462.50 425.00
4 5 10 -5.20 466.50 442.25
4 5 11 -7.69 468.25 432.25
4 5 12 -6.84 471.50 439.25
4 5 13 -6.86 474.00 441.50
4 5 14 -7.96 477.50 439.50
4 5 15 -7.96 480.50 442.25
4 5 16 -7.45 483.25 447.25
4 5 17 -6.45 484.25 453.00
4 5 18 -6.52 494.50 462.25
4 5 19 -6.33 498.00 466.50
4 5 20 -5.89 501.25 471.75

5 0 0 12.05 282.25 316.25
5 0 1 -13.64 337.25 291.25
5 0 2 -13.34 337.25 292.25
5 0 3 -13.57 337.25 291.50
5 0 4 -13.41 337.50 292.25
5 0 5 -13.64 337.25 291.25
5 0 6 -13.12 337.25 293.00
5 0 7 -13.64 337.25 291.25
5 0 8 -13.64 337.25 291.25
5 0 9 -13.28 337.00 292.25
5 0 10 -13.42 337.25 292.00
5 0 11 -13.64 337.25 291.25
5 0 12 -13.34 337.25 292.25
5 0 13 -18.16 337.25 276.00
5 0 14 -13.64 337.25 291.25
5 0 15 -13.64 337.25 291.25
5 0 16 -13.42 337.25 292.00
5 0 17 -13.42 337.25 292.00
5 0 18 -13.43 337.00 291.75
5 0 19 -13.64 337.25 291.25
5 0 20 -13.35 337.00 292.00

5 1 0 -9.54 301.25 272.50
5 1 1 -10.19 402.25 361.25
5 1 2 -14.40 418.50 358.25
5 1 3 -9.10 423.25 384.75
5 1 4 -8.91 426.25 388.25
5 1 5 -13.63 427.50 369.25
5 1 6 -8.65 430.50 393.25
5 1 7 -8.85 435.00 396.50
5 1 8 -8.45 438.00 401.00
5 1 9 -8.72 441.75 403.25
5 1 10 -8.19 442.50 406.25
5 1 11 -8.20 445.25 408.75
5 1 12 -10.91 447.00 398.25
5 1 13 -8.51 449.50 411.25
5 1 14 -8.75 454.25 414.50
5 1 15 -5.18 448.50 425.25
5 1 16 -6.53 459.25 429.25
5 1 17 -4.84 454.25 432.25
5 1 18 -5.83 459.00 432.25
5 1 19 -4.70 457.75 436.25
5 1 20 -5.00 460.25 437.25

5 2 0 -10.75 311.50 278.00
5 2 1 -10.22 413.50 371.25
5 2 2 -8.13 430.25 395.25
5 2 3 -8.32 435.50 399.25
5 2 4 -8.21 438.25 402.25
5 2 5 -7.90 439.75 405.00
5 2 6 -8.01 443.00 407.50
5 2 7 -7.39 446.25 413.25
5 2 8 -7.48 451.00 417.25
5 2 9 -7.55 453.50 419.25
5 2 10 -7.13 455.75 423.25
5 2 11 -7.05 457.50 425.25
5 2 12 -6.82 458.50 427.25
5 2 13 -6.12 457.25 429.25
5 2 14 -4.36 458.25 438.25
5 2 15 -6.64 463.00 432.25
5 2 16 -5.72 467.50 440.75
5 2 17 -6.37 467.00 437.25
5 2 18 -6.75 474.25 442.25
5 2 19 -5.84 475.25 447.50
5 2 20 -4.90 474.50 451.25

5 3 0 -11.45 321.00 284.25
5 3 1 -9.83 427.25 385.25
5 3 2 -8.35 449.00 411.50
5 3 3 -11.59 455.25 402.50
5 3 4 -7.33 457.00 423.50
5 3 5 -4.63 448.25 427.50
5 3 6 -5.90 457.25 430.25
5 3 7 -4.54 457.25 436.50
5 3 8 -4.38 462.25 442.00
5 3 9 -4.93 466.25 443.25
5 3 10 -7.67 469.25 433.25
5 3 11 -7.20 472.50 438.50
5 3 12 -6.90 474.50 441.75
5 3 13 -7.58 478.50 442.25
5 3 14 -7.16 485.00 450.25
5 3 15 -7.87 492.25 453.50
5 3 16 -6.22 498.25 467.25
5 3 17 -3.77 497.00 478.25
5 3 18 -6.84 508.25 473.50
5 3 19 -3.34 501.00 484.25
5 3 20 -5.79 513.50 483.75

5 4 0 -12.53 329.25 288.00
5 4 1 -10.73 447.25 399.25
5 4 2 -6.24 456.50 428.00
5 4 3 -5.30 462.00 437.50
5 4 4 -5.58 466.25 440.25
5 4 5 -4.75 468.25 446.00
5 4 6 -7.20 472.50 438.50
5 4 7 -7.84 478.50 441.00
5 4 8 -7.39 484.00 448.25
5 4 9 -7.54 487.25 450.50
5 4 10 -7.24 490.00 454.50
5 4 11 -7.35 493.25 457.00
5 4 12 -7.10 496.25 461.00
5 4 13 -6.52 498.25 465.75
5 4 14 -5.26 499.50 473.25
5 4 15 -4.43 502.50 480.25
5 4 16 -5.73 506.50 477.50
5 4 17 -5.91 512.25 482.00
5 4 18 -5.99 517.25 486.25
5 4 19 -5.85 521.50 491.00
5 4 20 -4.42 526.50 503.25

5 5 0 -10.94 338.25 301.25
5 5 1 -9.41 457.00 414.00
5 5 2 -5.54 469.25 443.25
5 5 3 -8.46 478.75 438.25
5 5 4 -7.50 483.50 447.25
5 5 5 -8.16 487.25 447.50
5 5 6 -8.08 492.00 452.25
5 5 7 -7.78 498.25 459.50
5 5 8 -7.63 504.75 466.25
5 5 9 -7.61 509.25 470.50
5 5 10 -6.82 513.25 478.25
5 5 11 -7.45 517.00 478.50
5 5 12 -7.32 519.25 481.25
5 5 13 -7.52 525.25 485.75
5 5 14 -7.38 528.25 489.25
5 5 15 -7.15 531.25 493.25
5 5 16 -6.96 535.00 497.75
5 5 17 -5.85 538.50 507.00
5 5 18 -6.33 545.00 510.50
5 5 19 -5.16 552.25 523.75
5 5 20 -6.42 560.50 524.50

